0 00000000000000000000000000000000 6320e1d05c1c3a15 
350 00000000000000000000000000000000 6b3262645ca1e70d 
700 00000000000000000000000000000000 0000000000000000
1050 00000000000000000000000000000000 ffffffffffffffff
1400 00000000000000000000000000000000 0123456789ABCDEF
1750 00000000000000000000000000000000 0202020202020202
2100 00000000000000000000000000000000 2020202020202020
2450 00000000000000000000000000000000 1111111111111111
2800 00000000000000000000000000000000 3333333377777777
3150 00000000000000000000000000000000 13543131AFEBCDAA
3500 00000000000000000000000000000011 6320e1d05c1c3a15 
3850 00000000000000000000000000000011 6b3262645ca1e70d 
4200 00000000000000000000000000000011 0000000000000000
4550 00000000000000000000000000000011 ffffffffffffffff
4900 00000000000000000000000000000011 0123456789ABCDEF
5250 00000000000000000000000000000011 0202020202020202
5600 00000000000000000000000000000011 2020202020202020
5950 00000000000000000000000000000011 1111111111111111
6300 00000000000000000000000000000011 3333333377777777
6650 00000000000000000000000000000011 13543131AFEBCDAA
7000 10000000000000000000000000000002 6320e1d05c1c3a15 
7350 10000000000000000000000000000002 6b3262645ca1e70d 
7700 10000000000000000000000000000002 0000000000000000
8050 10000000000000000000000000000002 ffffffffffffffff
8400 10000000000000000000000000000002 0123456789ABCDEF
8750 10000000000000000000000000000002 0202020202020202
9100 10000000000000000000000000000002 2020202020202020
9450 10000000000000000000000000000002 1111111111111111
9800 10000000000000000000000000000002 3333333377777777
10150 10000000000000000000000000000002 13543131AFEBCDAA
10500 10000000000000000000000000000015 6320e1d05c1c3a15 
10850 10000000000000000000000000000015 6b3262645ca1e70d 
11200 10000000000000000000000000000015 0000000000000000
11550 10000000000000000000000000000015 ffffffffffffffff
11900 10000000000000000000000000000015 0123456789ABCDEF
12250 10000000000000000000000000000015 0202020202020202
12600 10000000000000000000000000000015 2020202020202020
12950 10000000000000000000000000000015 1111111111111111
13300 10000000000000000000000000000015 3333333377777777
13650 10000000000000000000000000000015 13543131AFEBCDAA
14000 22222222000000000000000000000000 6320e1d05c1c3a15 
14350 22222222000000000000000000000000 6b3262645ca1e70d 
14700 22222222000000000000000000000000 0000000000000000
15050 22222222000000000000000000000000 ffffffffffffffff
15400 22222222000000000000000000000000 0123456789ABCDEF
15750 22222222000000000000000000000000 0202020202020202
16100 22222222000000000000000000000000 2020202020202020
16450 22222222000000000000000000000000 1111111111111111
16800 22222222000000000000000000000000 3333333377777777
17150 22222222000000000000000000000000 13543131AFEBCDAA
17500 22222222000000000000000000000011 6320e1d05c1c3a15 
17850 22222222000000000000000000000011 6b3262645ca1e70d 
18200 22222222000000000000000000000011 0000000000000000
18550 22222222000000000000000000000011 ffffffffffffffff
18900 22222222000000000000000000000011 0123456789ABCDEF
19250 22222222000000000000000000000011 0202020202020202
19600 22222222000000000000000000000011 2020202020202020
19950 22222222000000000000000000000011 1111111111111111
20300 22222222000000000000000000000011 3333333377777777
20650 22222222000000000000000000000011 13543131AFEBCDAA
21000 22222222000000000000000000000002 6320e1d05c1c3a15 
21350 22222222000000000000000000000002 6b3262645ca1e70d 
21700 22222222000000000000000000000002 0000000000000000
22050 22222222000000000000000000000002 ffffffffffffffff
22400 22222222000000000000000000000002 0123456789ABCDEF
22750 22222222000000000000000000000002 0202020202020202
23100 22222222000000000000000000000002 2020202020202020
23450 22222222000000000000000000000002 1111111111111111
23800 22222222000000000000000000000002 3333333377777777
24150 22222222000000000000000000000002 13543131AFEBCDAA
24500 22222222000000000000000000000015 6320e1d05c1c3a15 
24850 22222222000000000000000000000015 6b3262645ca1e70d 
25200 22222222000000000000000000000015 0000000000000000
25550 22222222000000000000000000000015 ffffffffffffffff
25900 22222222000000000000000000000015 0123456789ABCDEF
26250 22222222000000000000000000000015 0202020202020202
26600 22222222000000000000000000000015 2020202020202020
26950 22222222000000000000000000000015 1111111111111111
27300 22222222000000000000000000000015 3333333377777777
27650 22222222000000000000000000000015 13543131AFEBCDAA
28000 22222222222222222222222222222222 6320e1d05c1c3a15
28350 22222222222222222222222222222222 6b3262645ca1e70d
28700 22222222222222222222222222222222 0000000000000000
29050 22222222222222222222222222222222 ffffffffffffffff
29400 22222222222222222222222222222222 0123456789ABCDEF
29750 22222222222222222222222222222222 0202020202020202
30100 22222222222222222222222222222222 2020202020202020
30450 22222222222222222222222222222222 1111111111111111
30800 22222222222222222222222222222222 3333333377777777
31150 22222222222222222222222222222222 13543131AFEBCDAA
31500 22222222000000000000000000151515 6320e1d05c1c3a15
31850 22222222000000000000000000151515 6b3262645ca1e70d
32200 22222222000000000000000000151515 0000000000000000
32550 22222222000000000000000000151515 ffffffffffffffff
32900 22222222000000000000000000151515 0123456789ABCDEF
33250 22222222000000000000000000151515 0202020202020202
33600 22222222000000000000000000151515 2020202020202020
33950 22222222000000000000000000151515 1111111111111111
34300 22222222000000000000000000151515 3333333377777777
34650 22222222000000000000000000151515 13543131AFEBCDAA